AC POWER ON

C160
99,8950,4400,650,1600,600,1600,650,500,600,500,650,500,600,500,650,500,600,1650,600,500,600,1600,650,1600,650,500,600,500,650,500,600,500,650,500,650,1550,650,1600,650,450,650,500,650,500,600,500,650,500,650,450,650,500,600,1600,650,500,600,500,650,500,600,500,650,500,650,500,600,500,600,500,650,500,600,500,650,500,600,500,650,500,650,500,600,500,600,500,650,500,600,500,650,500,600,500,650,500,650,450,650
7F637BA2
111,650,450,650,500,600,500,650,500,600,500,650,500,600,500,650,500,650,1550,650,500,600,1600,650,500,650,500,600,1600,650,500,650,500,600,500,600,500,650,500,600,500,650,500,600,500,650,500,650,450,650,500,600,500,650,500,600,500,650,500,600,500,650,500,650,450,650,500,600,500,650,450,650,1600,650,1600,650,1600,600,550,600,500,650,450,650,500,600,500,650,500,600,500,650,500,600,500,650,500,650,1550,650,500,600,1600,650,1600,650,1600,600,500,650,500,650


AC SWING 
C160
99,8950,4400,650,1600,600,1600,650,500,600,500,700,450,600,500,700,450,650,1600,700,400,700,1550,650,1550,700,450,650,450,700,450,650,500,650,450,700,1550,650,1550,700,450,650,450,700,450,650,450,700,450,700,1550,650,450,700,1550,650,450,700,450,650,450,700,450,600,500,700,450,700,400,700,450,650,450,700,450,650,450,700,450,600,500,650,500,700,400,700,450,650,450,700,400,700,450,700,450,600,500,650,500,650
91DC8DEC
111,650,450,650,500,600,500,650,500,600,500,650,500,600,500,650,500,650,1550,650,1600,650,1600,600,500,650,500,600,500,650,500,650,500,600,500,600,500,650,500,600,500,650,500,600,500,650,500,650,450,650,500,600,500,650,500,600,500,650,500,600,500,650,500,650,450,650,500,600,500,650,450,650,1600,650,1600,650,1600,600,550,600,500,650,450,650,500,600,500,650,500,600,500,650,500,600,500,650,500,650,1550,650,1600,650,1600,600,1600,650,1600,650,1600,650,500,600

AC POWER OFF

C160
99,9000,4350,700,1550,650,1550,700,450,650,450,650,500,600,500,700,450,700,1550,700,400,650,1600,600,1600,650,500,700,400,650,500,700,450,600,500,700,1550,650,1550,650,500,600,500,650,500,700,400,650,500,650,500,600,500,700,1550,600,500,650,450,700,450,650,500,600,500,650,500,700,400,650,450,650,500,650,450,700,450,700,450,600,500,650,500,650,450,650,450,700,450,700,400,650,500,650,500,600,500,650,450,650
F4438124
111,700,450,650,450,700,450,650,450,650,500,600,500,650,500,650,450,650,1600,650,450,650,1600,650,450,650,500,650,1600,650,500,600,500,650,450,650,500,600,500,650,500,600,500,650,500,650,500,600,500,650,450,650,500,600,500,650,500,600,500,650,500,600,500,650,500,650,450,650,500,600,500,650,1600,600,500,650,1600,650,500,650,450,650,500,600,500,650,450,650,500,650,450,650,500,650,500,600,500,650,1600,600,500,650,1600,600,1600,650,500,650,500,600,500,650

